INSERT INTO SIB_1(Pub_ID, BOOKSTORE_ID, Stock_ID)
VALUES
	(1,1,10),
	(2,1,11),
	(3,1,12),
	(4,1,13),
	(5,1,14),
	(6,1,15),
	(7,1,16),
	(8,1,17),
	(9,1,18),
	(10,1,19),
	(11,1,20),
	(1,2,20),
	(2,2,21),
	(3,2,22),
	(4,2,23),
	(5,2,24),
	(6,2,25),
	(7,2,26),
	(8,2,27),
	(9,2,28),
	(10,2,29),
	(11,2,30),
	(12,2,31),
	(1,3,30),
	(2,3,31),
	(3,3,32),
	(4,3,33),
	(5,3,34),
	(6,3,35),
	(7,3,36),
	(8,3,37),
	(9,3,38),
	(10,3,39),
	(11,3,40),
	(12,3,41),
	(13,3,42),
	(1,4,40),
	(2,4,41),
	(3,4,42),
	(6,4,43),
	(7,4,44),
	(8,4,45),
	(9,4,46),
	(10,4,47),
	(1,5,10),
	(2,5,11),
	(3,5,12),
	(5,5,13),
	(6,5,14),
	(7,5,15),
	(8,5,16),
	(9,5,17),
	(11,5,18);