INSERT INTO ITEMS_IN_ORDERS(ITEM_ID,STOCK_ID,ORDER_ID,BOOKSTORE_ID,ITEM_PRICE,ITEM_QTY,DELIVERY_DATE)
VALUES
	(1,10,1,1,18,2,'2022-06-25'),
	(2,11,1,1,17,1,'2022-06-26'),
	(1,33,2,3,14,1,'2022-06-20'),
	(1,14,3,1,11,2,'2022-06-21'),
	(1,37,4,3,13,1,'2022-06-25'),
	(1,47,5,4,20,1,'2022-06-25'),
	(2,38,5,3,19,2,'2022-06-28'),
	(1,34,6,3,24,1,'2022-07-30'),
	(1,10,7,1,18,3,'2022-07-15'),
	(1,24,8,2,25,2,'2022-07-15'),
	(2,25,8,2,12,2,'2022-07-15'),
	(1,31,9,3,18,2,'2022-07-25'),
	(1,44,10,4,15,1,'2022-07-29'),
	(1,47,11,4,11,2,'2022-08-01'),
	(1,10,12,1,16,1,'2022-08-15'),
	(2,14,12,1,15,1,'2022-08-17'),
	(3,19,12,1,18,1,'2022-08-12'),
	(4,12,12,1,15,1,'2022-08-10'),
	(5,13,12,1,23,1,'2022-08-10'),
	(6,18,12,1,17,1,'2022-08-10'),
	(1,20,13,2,24,1,'2022-08-14'),
	(2,14,13,1,15,1,'2022-08-16'),
	(3,28,	13,2,17,1,'2022-08-17'),
	(4,22,13,2,19,1,'2022-08-17'),
	(5,13,13,1,23,1,'2022-08-17'),
	(6,18,13,1,23,1,'2022-08-17'),
	(1,10,14,1,11,1,'2022-08-19'),
	(2,14,14,1,15,1,'2022-08-19'),
	(3,47,14,4,17,1,'2022-08-19'),
	(4,32,14,3,13,1,'2022-08-20'),
	(5,33,14,3,15,1,'2022-08-19'),
	(6,38,14,3,15,1,'2022-08-18'),
	(1,10,15,1,11,1,'2022-08-20'),
	(2,29,15,2,18,1,'2022-08-15'),
	(3,22,15,2,19,1,'2022-08-17'),
	(4,23,15,2,22,1,'2022-08-17'),
	(5,28,15,2,17,1,'2022-08-19'),
	(1,10,16,1,11,1,'2022-08-20'),
	(2,29,16,2,18,1,'2022-08-19'),
	(3,12,16,1,24,1,'2022-08-19'),
	(4,13,16,1,17,1,'2022-08-18'),
	(5,38,16,3,15,1,'2022-08-19'),
	(1,10,17,1,11,1,'2022-08-27'),
	(2,12,17,1,24,1,'2022-08-28'),
	(3,13,17,1,17,1,'2022-08-27'),
	(4,38,17,3,15,1,'2022-08-26'),
	(1,10,18,1,11,1,'2022-08-28'),
	(2,12,18,1,24,1,'2022-08-28'),
	(3,33,18,3,15,1,'2022-08-28'),
	(4,46,18,4,14,1,'2022-08-29'),
	(1,10,19,1,11,1,'2022-08-28'),
	(2,12,19,1,24,1,'2022-08-28'),
	(3,33,19,3,15,1,'2022-08-28'),
	(4,46,19,4,14,1,'2022-08-29'),
	(1,10,20,1,11,1,'2022-08-28'),
	(2,12,20,1,24,1,'2022-08-28'),
	(3,33,20,3,15,1,'2022-08-29'),
	(4,46,20,4,14,2,'2022-08-29'),
	(1,12,21,1,24,1,'2022-08-30'),
	(2,33,21,3,15,1,'2022-08-30'),
	(3,46,21,4,14,2,'2022-08-30'),
	--new
	(4,31,21,2,35,7,'2022-08-31'),
	(5,41,21,3,35,1,'2022-08-31'),
	(6,42,21,3,31,8,'2022-08-31'),
	--end of new
	(1,21,22,2,24,1,'2022-09-05'),
	(2,24,22,2,23,1,'2022-09-05'),
	(3,10,22,1,11,1,'2022-09-01'),
	(1,12,23,1,24,1,'2022-09-05'),
	(2,33,23,3,15,2,'2022-09-05'),
	(3,46,23,4,14,1,'2022-09-05'),
	(1,10,24,1,11,1,'2022-09-10'),
	(1,10,25,1,11,1,'2022-09-11'),
	(1,10,26,1,11,1,'2022-09-12'),
	(1,32,27,3,25,1,'2022-09-11'),
	(1,32,28,3,25,1,'2022-09-15'),
	(1,32,29,3,25,1,'2022-09-20'),
	(1,34,30,3,23,1,'2022-09-15'),
	(1,34,31,3,23,1,'2022-09-30');
