INSERT INTO SIB_2(Stock_ID,BOOKSTORE_ID,Stock_Price,Stock_Qty)
VALUES
	(10,1,11,8),
	(11,1,25,7),
	(12,1,17,7),
	(13,1,18,6),
	(14,1,17,10),
	(15,1,23,4),
	(16,1,12,7),
	(17,1,15,7),
	(18,1,10,5),
	(19,1,13,9),
	(20,1,23,2),
	(20,2,23,5),
	(21,2,19,10),
	(22,2,10,2),
	(23,2,11,5),
	(24,2,24,5),
	(25,2,16,9),
	(26,2,22,7),
	(27,2,17,4),
	(28,2,14,6),
	(29,2,19,5),
	(30,2,14,6),
	(31,2,35,35),
	(30,3,21,7),
	(31,3,22,4),
	(32,3,16,8),
	(33,3,16,7),
	(34,3,23,1),
	(35,3,14,5),
	(36,3,24,4),
	(37,3,25,5),
	(38,3,20,1),
	(39,3,22,3),
	(40,3,14,1),
	(41,3,35,35),
	(42,3,31,31),
	(40,4,16,0),
	(41,4,10,0),
	(42,4,19,1),
	(43,4,15,5),
	(44,4,18,2),
	(45,4,10,0),
	(46,4,20,4),
	(47,4,14,7),
	(10,5,20,9),
	(11,5,20,4),
	(12,5,11,9),
	(13,5,12,2),
	(14,5,19,6),
	(15,5,12,10),
	(16,5,23,9),
	(17,5,25,7),
	(18,5,24,6);
